----- FILE HEADER ----------------------------------
Event_Number	Ini_E[MeV]	Ini_X[cm]	Ini_Y[cm]	Ini_Z[cm]	Ini_Theta	Ini_Phi	Number_of_hits
Plane_h	X_h[cm]	Y_h[cm]	Z_h[cm]	Time_h[ns]	 Being 'h' each hit of the event
----- END OF HEADER ----------------------------------
1	100	1	1	-220	0	0	3
1	6.3	6.05	-187.3	1.12957
2	6.3	6.05	-134.8	3.17644
4	31.5	18.15	-13.2	8.9189
2	100	1	1	-220	0	0	3
1	6.3	6.05	-187.3	1.1484
2	-6.3	-6.05	-134.8	2.88073
4	6.3	6.05	-13.2	7.16903
3	100	1	1	-220	0	0	3
1	6.3	6.05	-187.3	1.10271
3	6.3	-6.05	-96.9	4.6338
4	6.3	-30.25	-13.2	9.06787
4	100	1	1	-220	0	0	4
1	6.3	6.05	-187.3	1.11798
2	6.3	6.05	-134.8	3.17573
3	6.3	6.05	-96.9	4.93525
4	31.5	30.25	-13.2	9.41268
5	100	1	1	-220	0	0	4
1	6.3	6.05	-187.3	1.17997
2	6.3	6.05	-134.8	3.10209
3	6.3	6.05	-96.9	4.54893
4	6.3	18.15	-13.2	7.69374
6	100	1	1	-220	0	0	4
1	6.3	6.05	-187.3	1.08816
2	6.3	6.05	-134.8	2.77091
3	6.3	-6.05	-96.9	4.34143
4	6.3	-6.05	-13.2	7.27692
7	100	1	1	-220	0	0	4
1	6.3	6.05	-187.3	1.06745
2	6.3	6.05	-134.8	3.11248
3	-6.3	6.05	-96.9	4.39118
4	-6.3	-30.25	-13.2	9.22785
8	100	1	1	-220	0	0	3
1	6.3	6.05	-187.3	1.15278
3	-6.3	6.05	-96.9	4.3567
3	6.3	6.05	-96.9	4.29386
9	100	1	1	-220	0	0	3
1	6.3	6.05	-187.3	1.09285
3	-6.3	6.05	-96.9	4.26227
4	-6.3	6.05	-13.2	7.36244
10	100	1	1	-220	0	0	5
1	6.3	6.05	-187.3	1.1575
2	6.3	6.05	-134.8	2.87212
3	-6.3	6.05	-96.9	4.41527
4	-56.7	54.45	-13.2	12.2315
4	-18.9	6.05	-13.2	7.75585
11	100	1	1	-220	0	0	4
1	6.3	6.05	-187.3	1.13489
2	6.3	6.05	-134.8	2.90683
3	6.3	6.05	-96.9	4.27581
4	6.3	6.05	-13.2	7.46504
12	100	1	1	-220	0	0	3
1	6.3	6.05	-187.3	1.13378
3	-6.3	6.05	-96.9	4.40449
4	-31.5	30.25	-13.2	9.82945
13	100	1	1	-220	0	0	3
1	6.3	6.05	-187.3	1.15811
2	-6.3	-6.05	-134.8	2.91144
3	-6.3	-6.05	-96.9	4.31317
14	100	1	1	-220	0	0	3
1	6.3	6.05	-187.3	1.09796
3	-6.3	6.05	-96.9	4.36527
4	-18.9	18.15	-13.2	8.66009
15	100	1	1	-220	0	0	5
1	6.3	6.05	-187.3	1.05818
2	6.3	6.05	-134.8	3.40166
3	18.9	6.05	-96.9	4.98128
4	18.9	30.25	-13.2	8.92614
4	-6.3	6.05	-13.2	7.33878
16	100	1	1	-220	0	0	2
1	6.3	6.05	-187.3	1.09875
4	-6.3	6.05	-13.2	7.31969
17	100	1	1	-220	0	0	3
1	6.3	6.05	-187.3	1.1254
2	6.3	6.05	-134.8	2.8479
3	6.3	6.05	-96.9	4.30837
18	100	1	1	-220	0	0	3
1	6.3	6.05	-187.3	1.09685
3	6.3	-6.05	-96.9	4.39555
4	18.9	6.05	-13.2	7.88518
19	100	1	1	-220	0	0	3
1	6.3	6.05	-187.3	1.11509
3	6.3	-6.05	-96.9	4.32973
4	-18.9	-6.05	-13.2	7.82501
20	100	1	1	-220	0	0	3
1	6.3	6.05	-187.3	1.15461
2	6.3	6.05	-134.8	3.09364
3	6.3	6.05	-96.9	4.63278
21	100	1	1	-220	0	0	4
1	6.3	6.05	-187.3	1.10939
2	6.3	6.05	-134.8	3.06987
3	6.3	6.05	-96.9	4.69251
4	6.3	18.15	-13.2	7.80437
22	100	1	1	-220	0	0	4
1	6.3	6.05	-187.3	1.1441
2	6.3	6.05	-134.8	3.07778
3	6.3	6.05	-96.9	4.66665
4	6.3	18.15	-13.2	7.93721
23	100	1	1	-220	0	0	2
1	6.3	6.05	-187.3	1.12825
4	-6.3	6.05	-13.2	7.07858
24	100	1	1	-220	0	0	4
1	6.3	6.05	-187.3	1.11929
2	6.3	-6.05	-134.8	2.9964
3	6.3	-6.05	-96.9	4.42168
4	6.3	-6.05	-13.2	7.41019
25	100	1	1	-220	0	0	4
1	6.3	6.05	-187.3	1.15364
2	-6.3	-6.05	-134.8	3.15209
3	18.9	-30.25	-96.9	6.39915
4	-6.3	6.05	-13.2	7.35451
26	100	1	1	-220	0	0	3
1	6.3	6.05	-187.3	1.13227
2	-6.3	6.05	-134.8	3.04768
4	6.3	6.05	-13.2	7.11502
27	100	1	1	-220	0	0	4
1	6.3	6.05	-187.3	1.13072
2	-6.3	6.05	-134.8	2.902
3	-6.3	6.05	-96.9	4.27558
4	-6.3	6.05	-13.2	7.48012
28	100	1	1	-220	0	0	3
1	6.3	6.05	-187.3	1.0959
3	-6.3	6.05	-96.9	4.39272
4	-31.5	-6.05	-13.2	8.97867
29	100	1	1	-220	0	0	4
1	6.3	6.05	-187.3	1.14903
2	6.3	-6.05	-134.8	2.94511
3	6.3	-6.05	-96.9	4.38159
4	6.3	-6.05	-13.2	7.59916
30	100	1	1	-220	0	0	4
1	6.3	6.05	-187.3	1.20344
2	6.3	-6.05	-134.8	3.02714
3	6.3	-6.05	-96.9	4.35799
4	6.3	-6.05	-13.2	7.24432
31	100	1	1	-220	0	0	4
1	6.3	6.05	-187.3	1.14907
2	-6.3	6.05	-134.8	2.9324
3	-6.3	6.05	-96.9	4.30234
4	6.3	6.05	-13.2	7.26992
32	100	1	1	-220	0	0	4
1	6.3	6.05	-187.3	1.19137
2	6.3	-6.05	-134.8	2.9147
3	6.3	-6.05	-96.9	4.25286
4	18.9	-18.15	-13.2	8.5387
33	100	1	1	-220	0	0	4
1	6.3	6.05	-187.3	1.04608
2	6.3	-6.05	-134.8	3.16143
3	6.3	-6.05	-96.9	4.71533
4	18.9	-6.05	-13.2	8.05818
34	100	1	1	-220	0	0	3
1	6.3	6.05	-187.3	1.10027
3	-6.3	6.05	-96.9	4.31688
4	-6.3	-6.05	-13.2	6.92496
35	100	1	1	-220	0	0	2
1	6.3	6.05	-187.3	1.09434
4	6.3	6.05	-13.2	7.47983
36	100	1	1	-220	0	0	4
1	6.3	6.05	-187.3	1.14037
2	6.3	6.05	-134.8	3.22229
3	18.9	6.05	-96.9	4.91226
4	44.1	30.25	-13.2	9.81204
37	100	1	1	-220	0	0	5
1	6.3	6.05	-187.3	1.22191
2	6.3	6.05	-134.8	2.95958
3	-6.3	-6.05	-96.9	4.28503
2	-31.5	-18.15	-134.8	13.5383
1	-44.1	-6.05	-187.3	15.9856
38	100	1	1	-220	0	0	3
1	6.3	6.05	-187.3	1.1494
2	6.3	6.05	-134.8	2.90993
3	6.3	-6.05	-96.9	4.32096
39	100	1	1	-220	0	0	4
1	6.3	6.05	-187.3	1.07569
2	-6.3	6.05	-134.8	3.04565
3	-6.3	6.05	-96.9	4.44241
4	-18.9	-6.05	-13.2	8.15743
40	100	1	1	-220	0	0	4
1	6.3	6.05	-187.3	1.11186
2	6.3	-6.05	-134.8	3.13762
3	6.3	-6.05	-96.9	4.80674
4	31.5	-18.15	-13.2	8.76395
41	100	1	1	-220	0	0	3
1	6.3	6.05	-187.3	1.16185
3	-6.3	6.05	-96.9	4.62142
4	-6.3	6.05	-13.2	7.25136
42	100	1	1	-220	0	0	4
1	6.3	6.05	-187.3	1.13935
2	-6.3	6.05	-134.8	2.87472
3	-6.3	6.05	-96.9	4.24801
4	31.5	6.05	-13.2	8.36831
43	100	1	1	-220	0	0	3
1	6.3	6.05	-187.3	1.1272
3	-6.3	-6.05	-96.9	4.30125
4	-18.9	-18.15	-13.2	8.67838
44	100	1	1	-220	0	0	3
1	6.3	6.05	-187.3	1.1088
2	-6.3	6.05	-134.8	2.95778
3	-6.3	6.05	-96.9	4.57621
45	100	1	1	-220	0	0	4
1	6.3	6.05	-187.3	1.1014
2	-6.3	-6.05	-134.8	2.80741
3	6.3	-6.05	-96.9	4.55453
4	31.5	6.05	-13.2	8.65827
46	100	1	1	-220	0	0	4
1	6.3	6.05	-187.3	1.13764
2	6.3	-6.05	-134.8	2.9473
3	6.3	-6.05	-96.9	4.57295
4	18.9	-18.15	-13.2	8.13684
47	100	1	1	-220	0	0	4
1	6.3	6.05	-187.3	1.1859
2	6.3	6.05	-134.8	3.05119
3	6.3	6.05	-96.9	4.28865
4	6.3	-6.05	-13.2	7.38108
48	100	1	1	-220	0	0	4
1	6.3	6.05	-187.3	1.09236
3	-6.3	6.05	-96.9	4.33344
4	-6.3	6.05	-13.2	7.56569
4	-6.3	-6.05	-13.2	7.38256
49	100	1	1	-220	0	0	3
1	6.3	6.05	-187.3	1.08727
2	6.3	6.05	-134.8	3.07348
3	6.3	6.05	-96.9	4.74331
50	100	1	1	-220	0	0	4
1	6.3	6.05	-187.3	1.12541
2	6.3	-6.05	-134.8	2.86639
3	6.3	-6.05	-96.9	4.26098
4	6.3	6.05	-13.2	7.39318
51	100	1	1	-220	0	0	3
1	6.3	6.05	-187.3	1.18915
2	6.3	6.05	-134.8	2.96781
4	6.3	-6.05	-13.2	7.2627
52	100	1	1	-220	0	0	2
1	6.3	6.05	-187.3	1.24331
4	-6.3	-6.05	-13.2	7.07511
53	100	1	1	-220	0	0	2
1	6.3	6.05	-187.3	1.04656
2	6.3	-6.05	-134.8	3.23141
54	100	1	1	-220	0	0	5
1	6.3	6.05	-187.3	1.09667
3	6.3	-6.05	-96.9	4.60169
4	6.3	-30.25	-13.2	8.67981
2	6.3	-6.05	-134.8	2.96487
3	44.1	-6.05	-96.9	7.02455
55	100	1	1	-220	0	0	5
1	6.3	6.05	-187.3	1.16565
2	-6.3	6.05	-134.8	3.29457
3	-18.9	6.05	-96.9	5.0095
4	-31.5	18.15	-13.2	9.14609
4	-6.3	18.15	-13.2	7.80057
56	100	1	1	-220	0	0	4
1	6.3	6.05	-187.3	1.12643
2	-6.3	-6.05	-134.8	3.24698
3	-6.3	-6.05	-96.9	4.88732
4	-31.5	-6.05	-13.2	8.66836
57	100	1	1	-220	0	0	4
1	6.3	6.05	-187.3	1.1401
2	6.3	6.05	-134.8	3.02676
3	6.3	6.05	-96.9	4.47637
4	6.3	6.05	-13.2	7.55409
58	100	1	1	-220	0	0	3
1	6.3	6.05	-187.3	1.06858
2	-6.3	6.05	-134.8	2.91592
4	31.5	-42.35	-13.2	10.4158
59	100	1	1	-220	0	0	4
1	6.3	6.05	-187.3	1.16077
2	-6.3	6.05	-134.8	2.92215
3	-6.3	-6.05	-96.9	4.29898
4	6.3	-6.05	-13.2	7.25255
60	100	1	1	-220	0	0	3
1	6.3	6.05	-187.3	1.04668
2	6.3	6.05	-134.8	2.87327
3	6.3	-6.05	-96.9	4.30896
61	100	1	1	-220	0	0	3
1	6.3	6.05	-187.3	1.1474
2	-6.3	-6.05	-134.8	3.1063
3	-6.3	-6.05	-96.9	4.59939
62	100	1	1	-220	0	0	5
1	6.3	6.05	-187.3	1.10254
2	-6.3	6.05	-134.8	2.95735
3	-6.3	6.05	-96.9	4.31207
4	-6.3	30.25	-13.2	8.7861
4	6.3	18.15	-13.2	8.02758
63	100	1	1	-220	0	0	2
1	6.3	6.05	-187.3	1.15734
3	18.9	-6.05	-96.9	4.97053
64	100	1	1	-220	0	0	4
1	6.3	6.05	-187.3	1.11503
2	-6.3	6.05	-134.8	2.88661
3	-6.3	6.05	-96.9	4.26023
4	-6.3	6.05	-13.2	7.20027
65	100	1	1	-220	0	0	6
1	6.3	6.05	-187.3	1.13711
3	-6.3	-6.05	-96.9	4.26727
4	-18.9	-6.05	-13.2	8.20161
2	6.3	6.05	-134.8	2.86704
3	6.3	6.05	-96.9	4.2128
4	18.9	-6.05	-13.2	7.93909
66	100	1	1	-220	0	0	3
1	6.3	6.05	-187.3	1.10244
2	6.3	-6.05	-134.8	3.0859
3	18.9	6.05	-96.9	5.51301
67	100	1	1	-220	0	0	6
1	6.3	6.05	-187.3	1.12697
2	-6.3	18.15	-134.8	3.78247
2	-6.3	-6.05	-134.8	3.58371
3	-31.5	-6.05	-96.9	5.72954
2	6.3	-6.05	-134.8	2.92607
3	-6.3	6.05	-96.9	4.22041
68	100	1	1	-220	0	0	1
1	6.3	6.05	-187.3	1.13025
69	100	1	1	-220	0	0	4
1	6.3	6.05	-187.3	1.17302
2	6.3	6.05	-134.8	3.06211
3	6.3	6.05	-96.9	4.7167
4	18.9	30.25	-13.2	8.78505
70	100	1	1	-220	0	0	4
1	6.3	6.05	-187.3	1.09507
2	6.3	-6.05	-134.8	3.10839
3	6.3	-6.05	-96.9	4.47337
4	6.3	-6.05	-13.2	7.46243
71	100	1	1	-220	0	0	3
1	6.3	6.05	-187.3	1.1169
2	6.3	6.05	-134.8	3.01551
3	6.3	6.05	-96.9	4.41884
72	100	1	1	-220	0	0	4
1	6.3	6.05	-187.3	1.13298
3	-6.3	-6.05	-96.9	4.44652
4	31.5	18.15	-13.2	8.88347
2	6.3	6.05	-134.8	2.93752
73	100	1	1	-220	0	0	4
1	6.3	6.05	-187.3	1.12448
2	6.3	-6.05	-134.8	3.02791
3	44.1	6.05	-96.9	7.28672
4	18.9	-6.05	-13.2	7.89354
74	100	1	1	-220	0	0	3
1	6.3	6.05	-187.3	1.21817
3	6.3	-6.05	-96.9	4.52667
4	18.9	-6.05	-13.2	8.3322
75	100	1	1	-220	0	0	4
1	6.3	6.05	-187.3	1.08933
2	-6.3	6.05	-134.8	3.01716
3	6.3	6.05	-96.9	4.38689
4	6.3	6.05	-13.2	7.63768
76	100	1	1	-220	0	0	2
1	6.3	6.05	-187.3	1.12225
3	6.3	-6.05	-96.9	4.13544
77	100	1	1	-220	0	0	4
1	6.3	6.05	-187.3	1.18942
2	-6.3	6.05	-134.8	2.95482
3	-6.3	6.05	-96.9	4.44887
4	-18.9	6.05	-13.2	7.65827
78	100	1	1	-220	0	0	4
1	6.3	6.05	-187.3	1.1443
2	-6.3	-6.05	-134.8	2.88559
3	-6.3	-6.05	-96.9	4.19208
4	6.3	-6.05	-13.2	7.53729
79	100	1	1	-220	0	0	4
1	6.3	6.05	-187.3	1.06378
2	6.3	6.05	-134.8	3.0875
3	6.3	6.05	-96.9	4.68632
4	18.9	6.05	-13.2	8.21228
80	100	1	1	-220	0	0	2
1	6.3	6.05	-187.3	1.15229
4	18.9	6.05	-13.2	7.82574
81	100	1	1	-220	0	0	3
1	6.3	6.05	-187.3	1.0477
3	-6.3	-6.05	-96.9	4.2059
4	-6.3	6.05	-13.2	7.05701
82	100	1	1	-220	0	0	2
1	6.3	6.05	-187.3	1.16602
3	6.3	6.05	-96.9	4.54483
83	100	1	1	-220	0	0	1
1	6.3	6.05	-187.3	1.21253
84	100	1	1	-220	0	0	3
1	6.3	6.05	-187.3	1.12814
3	-6.3	6.05	-96.9	4.24219
4	-6.3	6.05	-13.2	7.39553
85	100	1	1	-220	0	0	4
1	6.3	6.05	-187.3	1.06898
2	-6.3	6.05	-134.8	2.99089
3	-6.3	6.05	-96.9	4.42921
4	-6.3	18.15	-13.2	7.84511
86	100	1	1	-220	0	0	5
1	6.3	6.05	-187.3	1.14235
3	-44.1	-6.05	-96.9	6.96093
3	-6.3	6.05	-96.9	4.29732
4	-6.3	18.15	-13.2	8.033
4	6.3	18.15	-13.2	7.86553
87	100	1	1	-220	0	0	3
1	6.3	6.05	-187.3	1.08189
3	-6.3	6.05	-96.9	4.28417
4	-6.3	6.05	-13.2	7.50205
88	100	1	1	-220	0	0	2
1	6.3	6.05	-187.3	1.15734
4	-6.3	-6.05	-13.2	6.97041
89	100	1	1	-220	0	0	4
1	6.3	6.05	-187.3	1.17521
2	-6.3	6.05	-134.8	3.04217
3	-6.3	6.05	-96.9	4.44667
4	-6.3	6.05	-13.2	7.26637
90	100	1	1	-220	0	0	5
1	6.3	6.05	-187.3	1.16117
2	6.3	6.05	-134.8	3.13179
3	18.9	-6.05	-96.9	4.82354
4	31.5	-6.05	-13.2	8.77916
4	6.3	6.05	-13.2	7.56809
91	100	1	1	-220	0	0	3
1	6.3	6.05	-187.3	1.11913
3	-6.3	-6.05	-96.9	4.1996
4	-6.3	-6.05	-13.2	7.51798
92	100	1	1	-220	0	0	4
1	6.3	6.05	-187.3	1.12355
2	6.3	6.05	-134.8	2.96715
4	18.9	-6.05	-13.2	8.01731
4	18.9	6.05	-13.2	7.97045
93	100	1	1	-220	0	0	4
1	6.3	6.05	-187.3	1.13018
2	6.3	-6.05	-134.8	3.02569
3	6.3	-6.05	-96.9	4.45994
4	6.3	-6.05	-13.2	7.32635
94	100	1	1	-220	0	0	4
1	6.3	6.05	-187.3	1.13771
2	6.3	6.05	-134.8	2.89216
3	-6.3	6.05	-96.9	4.29085
4	-18.9	6.05	-13.2	7.61104
95	100	1	1	-220	0	0	2
1	6.3	6.05	-187.3	1.1453
3	-6.3	6.05	-96.9	4.4691
96	100	1	1	-220	0	0	4
1	6.3	6.05	-187.3	1.05386
2	-6.3	-6.05	-134.8	2.92137
3	-6.3	-6.05	-96.9	4.46256
4	-18.9	-6.05	-13.2	7.59391
97	100	1	1	-220	0	0	4
1	6.3	6.05	-187.3	1.21929
2	6.3	6.05	-134.8	2.85243
3	-6.3	6.05	-96.9	4.18955
4	6.3	6.05	-13.2	7.17851
98	100	1	1	-220	0	0	4
1	6.3	6.05	-187.3	1.13214
2	6.3	6.05	-134.8	3.05308
3	6.3	6.05	-96.9	4.56667
4	6.3	18.15	-13.2	7.71779
99	100	1	1	-220	0	0	4
1	6.3	6.05	-187.3	1.12957
2	-6.3	-6.05	-134.8	2.92118
3	-6.3	-6.05	-96.9	4.17832
4	-6.3	-18.15	-13.2	7.83458
100	100	1	1	-220	0	0	3
1	6.3	6.05	-187.3	1.12116
2	6.3	-6.05	-134.8	2.96371
3	6.3	-6.05	-96.9	4.34625
